acclaim: [ 0.79463834 -0.7972827 ]
admired: [-0.93792576  1.3100437 ]
ancient: [-0.92810786  1.1941236 ]
architecture: [0.35206023 1.2981571 ]
at: [ 1.1329157 -0.1734045]
author: [1.3390034  0.16666418]
beautiful: [-0.48740426  1.2925633 ]
cat: [1.3349472  0.65215474]
celebrated: [ 1.0795538 -1.0764647]
championship: [ 1.2032328  -0.42914605]
chef: [-0.5870846 -1.0860088]
city: [0.37586233 1.3567168 ]
conducted: [1.0547158 1.2024639]
critical: [ 1.2265732 -0.7495957]
crops: [-0.5715304  1.2921265]
days: [-1.4825737 -1.169395 ]
delicious: [-0.08591233 -1.133464  ]
eagerly: [-0.7355505 -0.9041194]
electronics: [-1.1389726  1.2344099]
exam: [ 1.2697148 -1.2642595]
experiments: [1.4458907 1.0709219]
farmer: [-0.8080937  1.0399024]
fence: [1.4098152 0.906536 ]
football: [ 0.7070267 -1.2105565]
for: [ 0.24287006 -1.3162004 ]
from: [-1.1958877  1.0786874]
game: [ 1.0596858 -0.7440363]
gracefully: [1.2311933 1.3182241]
guests: [ 0.8118878 -1.1331646]
harvested: [-0.99671257  1.2764406 ]
his: [-0.24530756 -1.0023168 ]
hypothesis: [1.0525395 1.4062029]
i: [-1.1381924 -1.2484283]
jumped: [1.4482533 1.5857189]
laboratory: [1.0509486 1.1298561]
laptop: [-1.4381651  1.2616711]
latest: [-0.26285005 -1.3179237 ]
local: [0.93356615 0.33808622]
love: [-1.5075558 -1.0192354]
market: [ 1.2628698  -0.43544883]
meal: [ 0.09832422 -1.3813874 ]
new: [-1.5137013  1.0043722]
novel: [-0.93065983 -1.1225072 ]
of: [-0.7674419  1.2953743]
on: [-1.2199312 -0.9910258]
over: [1.08782   1.1447893]
park: [-1.4346452 -1.2235295]
prepared: [-0.36913055 -1.2264843 ]
purchased: [-1.2134116  1.2069997]
received: [ 1.2303958  -0.35960916]
restaurant: [ 1.1060183 -1.1722423]
results: [ 1.2760644 -1.2164396]
scientist: [1.35564   1.3342537]
she: [-1.2716868  1.2174046]
sold: [-0.02939586  0.60411245]
spending: [-1.4821796 -1.0569704]
store: [-1.2006216  1.2348363]
students: [-1.0827624 -1.1645501]
sunny: [-1.5429277 -0.914389 ]
team: [ 1.3185176 -1.4172069]
test: [1.2546734 1.379953 ]
their: [ 1.251066  -1.3715873]
them: [0.3149258  0.32397527]
time: [-1.1924313 -1.1659483]
to: [1.4360467 1.2999089]
tourists: [0.20804554 1.1379151 ]
victory: [ 1.4300889 -1.0253117]
waiting: [-0.09208279 -1.1836985 ]
were: [-1.1725279 -1.2707646]
