acclaim: [-1.1867636 -1.006721 ]
admired: [-0.5616441  1.3491672]
ancient: [-1.1033632  0.8469312]
architecture: [-1.2667542  1.4736068]
at: [ 1.1792918 -1.0459379]
author: [-1.366789  -1.2642171]
beautiful: [-0.7763201  1.3862458]
cat: [0.91113627 1.4420174 ]
celebrated: [ 0.49908823 -1.5227896 ]
championship: [ 1.3463265  -0.90556896]
chef: [ 1.3326765 -1.1807173]
city: [-1.2962462  1.1150599]
conducted: [-1.1495769  1.2452818]
critical: [-1.114251  -1.0659242]
crops: [ 1.2028373 -0.9292073]
days: [1.0256331 1.2153804]
delicious: [ 0.63456535 -0.44409326]
eagerly: [-1.2783782 -1.2102478]
electronics: [-1.3476247 -1.1758518]
exam: [-0.6194851  -0.83713204]
experiments: [-0.7256856   0.60091436]
farmer: [ 1.4187253 -1.130462 ]
fence: [1.2799304 1.1438339]
football: [ 0.87623674 -1.1619275 ]
for: [-0.32107332 -1.0478592 ]
from: [-1.350241  -1.3474842]
game: [ 1.5983481 -1.2759818]
gracefully: [0.96714085 1.4266748 ]
guests: [ 0.2111433  -0.53528005]
harvested: [ 1.2672381 -1.2372378]
his: [-1.2160438 -1.1904491]
hypothesis: [-1.1562885  1.1185981]
i: [1.2837955 1.117027 ]
jumped: [0.9733914 1.0074978]
laboratory: [-1.3448057  1.309842 ]
laptop: [-1.256911  -1.2516594]
latest: [-1.2482963 -1.1316988]
local: [ 1.1126055 -0.5561261]
love: [1.2618346 1.1709045]
market: [ 1.0171094 -1.2533756]
meal: [ 0.823665  -1.1925012]
new: [-1.0656625 -1.1423397]
novel: [-1.0233424 -1.312873 ]
of: [-1.3169566   0.83494365]
on: [0.9423194 1.0902978]
over: [1.3445523 1.0759681]
park: [0.8347958 1.3137187]
prepared: [0.96275795 0.0194544 ]
purchased: [-0.96045953 -0.7877939 ]
received: [-1.4093834 -0.7847624]
restaurant: [ 1.0521992 -1.3724616]
results: [-0.7046127  -0.24595676]
scientist: [-1.1240381  1.3934072]
she: [-1.1299202 -0.8086221]
sold: [ 1.2181684 -0.9364227]
spending: [1.1381524 1.1384664]
store: [-1.2836089 -0.9213734]
students: [-1.1448748 -0.9257457]
sunny: [1.3723043 1.3573935]
team: [ 0.3658106 -1.2326771]
test: [-1.4061219   0.71260494]
their: [ 0.16677663 -1.0934613 ]
them: [ 1.2757279 -1.2061338]
time: [1.2438921 1.3459661]
to: [-1.4068444  1.4783655]
tourists: [-1.3453293  1.1595814]
victory: [ 0.8045453 -1.2377766]
waiting: [-1.1245104 -1.1778985]
were: [-1.1812037 -1.431786 ]
