beautiful: [-0.9930537 -1.0432595]
boy: [0.20808506 1.2492217 ]
can: [-0.762924   0.6594951]
children: [ 1.0972986 -1.5940846]
daughter: [-1.2539058 -1.3102428]
family: [-0.29797903 -0.89586776]
future: [-1.5598764  0.8576337]
king: [ 0.5021361  -0.89468557]
man: [-0.02135836  1.039527  ]
now: [1.2011099 0.9253192]
only: [0.07019872 1.0545692 ]
prince: [0.9558644  0.75989085]
princess: [ 1.0010678 -1.1021918]
queen: [-0.92600757 -1.2484943 ]
realm: [-1.127237 -0.760556]
royal: [-1.2489827 -0.5350131]
rule: [-0.6687249 -1.498782 ]
son: [-0.48900372  0.71489054]
strong: [-0.44652897  1.2357144 ]
their: [-0.571922   -0.89274013]
woman: [-0.06451992 -0.18525857]
